Process   Expected-WW Observed-WW Expected-WZ Observed-WZ Expected-WW+WZ Observed-WW+WZ
------------------------------------------  
$f_{\text{T0}}/\Lambda^{4}$		[-2.54,3.58]		[-1.8,2.66]		[-2.71,3.07]		[-2.09,2.47]		[-2.07,2.73]		[-1.41,2.08]	
$f_{\text{T1}}/\Lambda^{4}$		[-1.17,1.67]		[-0.752,1.08]		[-2.03,2.33]		[-1.55,1.93]		[-1.1,1.54]		[-0.658,1]	
$f_{\text{T2}}/\Lambda^{4}$		[-3.33,7.55]		[-2.31,6.32]		[-4.55,5.69]		[-3.39,4.85]		[-2.89,5.43]		[-1.74,4.36]	
$f_{\text{M0}}/\Lambda^{4}$		[-22,20.6]		[-18.9,15.8]		[-25,24.7]		[-19.4,19.4]		[-18.9,17.9]		[-14.5,12.4]	
$f_{\text{M1}}/\Lambda^{4}$		[-25.9,30]		[-21.9,25.2]		[-28.7,29.5]		[-23.1,23.7		[-21.7,24.1]		[-16.5,18.4]	
$f_{\text{M6}}/\Lambda^{4}$		[-44.2,41]		[-38,31.2]		[-51.2,50.4]		[-39.4,39.2]		[-38.3,36]		[-29.4,24.9]	
$f_{\text{M7}}/\Lambda^{4}$		[-32,29.2]		[-25.2,22.9]		[-36.1,35.9]		[-28.9,28.7]		[-27.2,25.5]		[-20,18.5]	
$f_{\text{S0}}/\Lambda^{4}$		[-26.2,27.5]		[-28.8,23.5]		[-106,111]		[-83.3,87.2]		[-26.1,27.4]		[-27.4,22.8]	
$f_{\text{S1}}/\Lambda^{4}$		[-102,119]		[-118,126]		[-178,185]		[-127,131]		[-97.8,113]		[-99.2,103]	
