Process $N_{WW}$ $\Delta N_{WW}$ $N_{WZ}$ $\Delta N_{WZ}$
-------------------------------------------------------  
EW-$W^{+/-}W^{+/-}$             210.4	25.7	0    0  
QCD-$W^{+/-}W^{+/-}$             13.7	 2.2	0    0
Interference-$W^{+/-}W^{+/-}$     8.7	 2.3	0    0
EW-WZ                            17.8	 3.9   68.6 14.6
QCD-WZ                           42.7	 7.4  117.3 16.6
Interference-WZ                   0.3	 0.2    2.7  1.0
ZZ                                0.7	 0.2    6.0  1.8
Nonprompt                       192.5	39.6   14.4  6.7
tVx                               7.4	 2.2   14.3  2.8
$W\gamma$                         9.1	 2.9    1.1  0.4
Wrong-sign                       13.9	 6.5    1.7  0.7
Other-background                  5.2	 2.1    3.3  0.7
Total-SM                        521.0	48.7  229.4 23.4
Data                            524	22.9  229   15.1
